Rrow1: [0.99723135,0.04790819,-0.05687205]
Rrow2: [-0.02441567,-0.51145545,-0.85896286]
Rrow3: [-0.07023888,0.85797327,-0.5088697]
#t: [0.26602355,-0.07086106,4.90865907]
camera_positon: [0.07776157,-4.26048525,2.45213013]

fx: 666.7638040975144
fy: 675.2068368652186
ux: 307.7119479657995
uy: 292.3638681443858

k1: 0.03893528054100122
k2: -0.3485441168559756
p1: 0.03216230030094155
p2: 0.003306613122592447
k3: 0


